11127
29063
465
88
2541
4515
4531
2659
3476
521
6129
16124
3865
1339
1525
2150
1786
21322
14173
35674
43888
4449
26230
41873
2767
2489
6235
2714
14430
10894
138018
60784
4916
7021
3467
31499
31499
5665
8318
2633
2358
291
1086
10006
151120
4158
13988
6026
43220
14706
9218
5145
73804
13129
8304
44244
110700
752
281
552
131
119
2029
553
2612
5229
7846
1708
4029
3148
5666
11334
2052
8124
10734
4874
1182
730
4900
8450
5810
17085
9501
21597
10941
9252
3857
3038
3147
3686
474
9492
74004
36642
4523
914
70216
37478
